606
220
755
4
30
730
893
999
26
759
848
313
499
267
677
646
867
650
1076
1059
998
1062
84
544
234
862
928
191
9
188
569
584
830
407
409
28
639
619
1017
901
240
205
1028
800
323
435
70
665
914
33
251
706
610
474
463
254
980
450
678
767
116
673
859
484
636
437
509
884
456
820
716
198
59
144
845
114
455
498
418
602
924
61
983
1021
43
429
197
649
357
539
169
51
350
38
72
810
109
233
579
937
155
629
139
20
697
289
1079
284
382
557
757
372
957
863
449
206
327
1030
444
299
976
813
281
404
494
824
413
195
670
1025
1058
1056
273
961
187
790
16
477
138
574
473
103
786
482
99
13
900
1005
1061
140
578
1011
125
889
242
1002
464
788
78
405
468
943
443
129
40
360
1000
873
420
869
940
932
570
931
949
913
918
616
732
817
243
229
224
208
741
89
343
24
761
156
60
275
1027
442
1069
182
167
899
247
507
386
1044
586
216
711
733
71
452
121
497
701
304
555
485
431
354
230
513
315
1080
870
520
48
483
652
153
723
878
904
621
1071
971
199
568
504
52
408
993
530
552
303
781
734
27
399
1022
154
2
528
992
531
633
534
754
854
1052
674
922
897
46
1006
912
433
693
903
194
808
492
373
192
814
745
834
626
172
330
301
839
1019
227
344
1039
210
997
213
23
17
177
410
811
758
361
618
935
476
799
849
375
152
441
349
185
500
565
577
108
141
728
258
704
1066
841
1033
390
257
944
815
950
246
780
549
64
1037
423
56
516
707
938
831
515
907
948
927
171
176
244
1016
333
696
218
989
316
310
545
162
672
608
44
83
876
763
683
518
279
1034
729
90
49
890
941
8
14
212
424
317
966
1036
651
819
115
1068
491
658
836
742
953
832
614
309
656
249
564
865
550
599
511
232
381
553
148
135
972
735
466
892
681
325
143
306
365
106
623
896
280
598
214
624
1048
338
183
782
779
597
911
631
346
397
394
923
3
314
710
724
877
235
842
532
128
395
312
846
480
68
852
451
376
211
406
321
231
816
5
750
96
160
1074
157
930
110
319
379
746
209
359
294
939
470
537
1042
985
524
146
596
215
601
34
594
340
393
217
82
37
356
228
377
190
370
947
804
541
872
835
583
567
964
942
434
293
691
713
671
505
402
668
566
1060
238
823
328
63
501
107
1010
471
995
134
342
367
149
76
571
958
300
777
785
430
858
727
523
1073
490
1008
503
307
168
326
1045
657
749
853
766
559
879
675
856
676
336
123
236
640
88
86
391
883
588
358
180
324
806
556
634
833
521
164
1063
791
882
617
945
915
753
124
1009
684
101
875
990
715
740
798
1035
495
186
680
612
380
700
627
308
248
256
237
378
919
743
416
844
263
585
647
320
721
866
271
590
751
278
1055
963
15
1057
1007
337
965
593
179
905
41
662
440
401
363
738
102
840
400
898
775
526
1026
465
1064
548
297
453
605
1054
638
648
717
908
795
36
98
39
351
201
136
104
975
880
436
861
339
425
611
805
783
519
825
760
93
29
292
792
487
685
479
538
47
403
807
982
726
595
582
514
305
112
282
1067
295
75
241
1031
968
166
981
130
226
653
467
812
266
1029
276
778
984
857
73
952
270
42
259
547
352
392
334
438
686
94
92
19
996
250
974
265
1053
91
906
396
105
709
926
478
10
689
655
667
54
1078
283
118
752
589
604
573
489
80
725
255
850
383
794
1003
1012
147
600
341
560
127
988
936
956
694
204
592
828
432
679
462
843
587
245
412
74
967
1075
756
991
837
151
132
517
562
362
1050
1049
690
384
542
274
551
772
625
829
193
1047
252
969
929
722
461
796
687
951
954
934
170
219
838
371
65
1032
335
345
784
632
120
318
641
459
712
737
302
1077
827
1014
891
117
773
287
748
987
575
81
366
860
67
493
818
774
847
262
291
581
809
558
445
62
66
698
207
613
506
620
6
1065
789
298
374
615
902
142
133
458
622
427
389
35
1046
79
664
21
173
502
1013
527
855
793
398
916
469
486
69
881
933
111
488
512
986
768
563
921
770
703
113
422
886
895
